#                                                                                                        --- full sequence --- -------------- this domain -------------   hmm coord   ali coord   env coord
# target name                                    accession   tlen query name           accession   qlen   E-value  score  bias   #  of  c-Evalue  i-Evalue  score  bias  from    to  from    to  from    to  acc description of target
#                            ------------------- ---------- ----- -------------------- ---------- ----- --------- ------ ----- --- --- --------- --------- ------ ----- ----- ----- ----- ----- ----- ----- ---- ---------------------
NODE_13_length_42752_cov_36.722815:29276-29887|+ -            204 1211060at2           -            164   3.5e-58  192.9   0.1   1   2   1.4e-55   5.9e-53  175.9   0.0     1   143     1   160     1   165 0.88 NODE_13_length_42752_cov_36.722815_30 # 29276 # 29887 # 1 # ID=13_30;partial=00;start_type=ATG;rbs_motif=AGGAGG;rbs_spacer=5-10bp;gc_cont=0.436
NODE_13_length_42752_cov_36.722815:29276-29887|+ -            204 1211060at2           -            164   3.5e-58  192.9   0.1   2   2   3.6e-06    0.0015   15.3   0.0   137   164   171   201   162   201 0.93 NODE_13_length_42752_cov_36.722815_30 # 29276 # 29887 # 1 # ID=13_30;partial=00;start_type=ATG;rbs_motif=AGGAGG;rbs_spacer=5-10bp;gc_cont=0.436
NODE_10_length_45740_cov_50.988381:15509-16294|- -            262 1211060at2           -            164   6.5e-06   22.9   0.2   1   1   2.7e-08   1.1e-05   22.2   0.2    53   128   158   233   145   253 0.85 NODE_10_length_45740_cov_50.988381_13 # 15509 # 16294 # -1 # ID=10_13;partial=00;start_type=ATG;rbs_motif=None;rbs_spacer=None;gc_cont=0.355
NODE_5_length_58022_cov_31.473806:54594-55481|-  -            296 1211060at2           -            164    0.0012   15.6   0.0   1   1   4.8e-06     0.002   14.8   0.0    92   127    23    58    10    87 0.86 NODE_5_length_58022_cov_31.473806_61 # 54594 # 55481 # -1 # ID=5_61;partial=00;start_type=ATG;rbs_motif=GGAG/GAGG;rbs_spacer=5-10bp;gc_cont=0.445
NODE_47_length_14503_cov_75.816708:5672-5938|-   -             89 1211060at2           -            164    0.0015   15.2   0.1   1   1   3.7e-06    0.0015   15.2   0.1    79   129     2    52     1    86 0.82 NODE_47_length_14503_cov_75.816708_7 # 5672 # 5938 # -1 # ID=47_7;partial=00;start_type=ATG;rbs_motif=GGAG/GAGG;rbs_spacer=5-10bp;gc_cont=0.352
NODE_19_length_37374_cov_38.502591:25571-26293|- -            241 1211060at2           -            164    0.0028   14.4   0.1   1   1     1e-05    0.0043   13.8   0.1    79   128     2    51     1    78 0.80 NODE_19_length_37374_cov_38.502591_28 # 25571 # 26293 # -1 # ID=19_28;partial=00;start_type=ATG;rbs_motif=AGGA;rbs_spacer=5-10bp;gc_cont=0.462
#
# Program:         hmmsearch
# Version:         3.4 (Aug 2023)
# Pipeline mode:   SEARCH
# Query file:      /workspaces/project_bioinformatic_01/project_s.pne/busco_downloads/lineages/bacteria_odb10/hmms/1211060at2.hmm
# Target file:     results/busco_results/prodigal_output/predicted_genes/predicted.faa
# Option settings: hmmsearch --domtblout results/busco_results/run_bacteria_odb10/hmmer_output/1211060at2.out --cpu 1 /workspaces/project_bioinformatic_01/project_s.pne/busco_downloads/lineages/bacteria_odb10/hmms/1211060at2.hmm results/busco_results/prodigal_output/predicted_genes/predicted.faa 
# Current dir:     /workspaces/project_bioinformatic_01/project_s.pne
# Date:            Mon Mar 30 07:39:45 2026
# [ok]
