#                                                                                                        --- full sequence --- -------------- this domain -------------   hmm coord   ali coord   env coord
# target name                                    accession   tlen query name           accession   qlen   E-value  score  bias   #  of  c-Evalue  i-Evalue  score  bias  from    to  from    to  from    to  acc description of target
#                            ------------------- ---------- ----- -------------------- ---------- ----- --------- ------ ----- --- --- --------- --------- ------ ----- ----- ----- ----- ----- ----- ----- ---- ---------------------
NODE_24_length_27353_cov_40.659002:21101-21589|+ -            163 1846503at2           -            110   9.4e-31  102.9   0.0   1   2   2.6e-17   1.8e-14   50.5   0.0     2    40     5    43     4    51 0.93 NODE_24_length_27353_cov_40.659002_26 # 21101 # 21589 # 1 # ID=24_26;partial=00;start_type=ATG;rbs_motif=GGA/GAG/AGG;rbs_spacer=5-10bp;gc_cont=0.397
NODE_24_length_27353_cov_40.659002:21101-21589|+ -            163 1846503at2           -            110   9.4e-31  102.9   0.0   2   2   2.5e-17   1.7e-14   50.6   0.0    44   107    70   138    58   140 0.90 NODE_24_length_27353_cov_40.659002_26 # 21101 # 21589 # 1 # ID=24_26;partial=00;start_type=ATG;rbs_motif=GGA/GAG/AGG;rbs_spacer=5-10bp;gc_cont=0.397
NODE_69_length_7975_cov_42.549822:365-757|+      -            131 1846503at2           -            110   2.5e-07   27.5   0.1   1   2   8.5e-10   5.9e-07   26.3   0.0     2    75     3    72     2    95 0.71 NODE_69_length_7975_cov_42.549822_2 # 365 # 757 # 1 # ID=69_2;partial=00;start_type=ATG;rbs_motif=AGGAG;rbs_spacer=5-10bp;gc_cont=0.313
NODE_69_length_7975_cov_42.549822:365-757|+      -            131 1846503at2           -            110   2.5e-07   27.5   0.1   2   2      0.58     4e+02   -2.1   0.0    83   103   105   124    99   126 0.60 NODE_69_length_7975_cov_42.549822_2 # 365 # 757 # 1 # ID=69_2;partial=00;start_type=ATG;rbs_motif=AGGAG;rbs_spacer=5-10bp;gc_cont=0.313
NODE_14_length_41524_cov_31.922120:2443-3360|-   -            306 1846503at2           -            110    0.0037   14.1   0.0   1   2   0.00046      0.32    7.8   0.0     3    34    20    53    18    67 0.71 NODE_14_length_41524_cov_31.922120_4 # 2443 # 3360 # -1 # ID=14_4;partial=00;start_type=ATG;rbs_motif=None;rbs_spacer=None;gc_cont=0.375
NODE_14_length_41524_cov_31.922120:2443-3360|-   -            306 1846503at2           -            110    0.0037   14.1   0.0   2   2    0.0095       6.5    3.6   0.0    43   106   104   170    93   174 0.67 NODE_14_length_41524_cov_31.922120_4 # 2443 # 3360 # -1 # ID=14_4;partial=00;start_type=ATG;rbs_motif=None;rbs_spacer=None;gc_cont=0.375
#
# Program:         hmmsearch
# Version:         3.4 (Aug 2023)
# Pipeline mode:   SEARCH
# Query file:      /workspaces/project_bioinformatic_01/project_s.pne/busco_downloads/lineages/bacteria_odb10/hmms/1846503at2.hmm
# Target file:     results/busco_results/prodigal_output/predicted_genes/predicted.faa
# Option settings: hmmsearch --domtblout results/busco_results/run_bacteria_odb10/hmmer_output/1846503at2.out --cpu 1 /workspaces/project_bioinformatic_01/project_s.pne/busco_downloads/lineages/bacteria_odb10/hmms/1846503at2.hmm results/busco_results/prodigal_output/predicted_genes/predicted.faa 
# Current dir:     /workspaces/project_bioinformatic_01/project_s.pne
# Date:            Mon Mar 30 07:39:46 2026
# [ok]
