#                                                                                                        --- full sequence --- -------------- this domain -------------   hmm coord   ali coord   env coord
# target name                                    accession   tlen query name           accession   qlen   E-value  score  bias   #  of  c-Evalue  i-Evalue  score  bias  from    to  from    to  from    to  acc description of target
#                            ------------------- ---------- ----- -------------------- ---------- ----- --------- ------ ----- --- --- --------- --------- ------ ----- ----- ----- ----- ----- ----- ----- ---- ---------------------
NODE_4_length_58780_cov_44.203042:32095-33858|+  -            588 226836at2            -            473  7.6e-179  591.7   0.7   1   1  3.2e-181  2.2e-178  590.2   0.7     1   473     3   574     3   574 0.84 NODE_4_length_58780_cov_44.203042_33 # 32095 # 33858 # 1 # ID=4_33;partial=00;start_type=ATG;rbs_motif=AGGAG;rbs_spacer=5-10bp;gc_cont=0.454
NODE_28_length_24325_cov_28.229936:17698-19188|- -            497 226836at2            -            473     1e-34  116.4   0.5   1   2     6e-24   4.1e-21   71.6   0.3     6   229    54   297    50   368 0.76 NODE_28_length_24325_cov_28.229936_19 # 17698 # 19188 # -1 # ID=28_19;partial=00;start_type=ATG;rbs_motif=AGGAGG;rbs_spacer=5-10bp;gc_cont=0.435
NODE_28_length_24325_cov_28.229936:17698-19188|- -            497 226836at2            -            473     1e-34  116.4   0.5   2   2   2.7e-15   1.9e-12   43.1   0.0   411   450   455   494   430   496 0.90 NODE_28_length_24325_cov_28.229936_19 # 17698 # 19188 # -1 # ID=28_19;partial=00;start_type=ATG;rbs_motif=AGGAGG;rbs_spacer=5-10bp;gc_cont=0.435
NODE_1_length_87477_cov_37.319256:48975-50318|-  -            448 226836at2            -            473   1.4e-26   89.6   0.3   1   3   7.4e-16   5.1e-13   44.9   0.0    11   226    14   258     4   273 0.76 NODE_1_length_87477_cov_37.319256_52 # 48975 # 50318 # -1 # ID=1_52;partial=00;start_type=ATG;rbs_motif=AGGA;rbs_spacer=5-10bp;gc_cont=0.438
NODE_1_length_87477_cov_37.319256:48975-50318|-  -            448 226836at2            -            473   1.4e-26   89.6   0.3   2   3     0.012       8.5    1.3   0.0   218   240   275   297   267   315 0.82 NODE_1_length_87477_cov_37.319256_52 # 48975 # 50318 # -1 # ID=1_52;partial=00;start_type=ATG;rbs_motif=AGGA;rbs_spacer=5-10bp;gc_cont=0.438
NODE_1_length_87477_cov_37.319256:48975-50318|-  -            448 226836at2            -            473   1.4e-26   89.6   0.3   3   3   2.5e-14   1.7e-11   39.9   0.0   376   450   370   440   331   445 0.92 NODE_1_length_87477_cov_37.319256_52 # 48975 # 50318 # -1 # ID=1_52;partial=00;start_type=ATG;rbs_motif=AGGA;rbs_spacer=5-10bp;gc_cont=0.438
#
# Program:         hmmsearch
# Version:         3.4 (Aug 2023)
# Pipeline mode:   SEARCH
# Query file:      /workspaces/project_bioinformatic_01/project_s.pne/busco_downloads/lineages/bacteria_odb10/hmms/226836at2.hmm
# Target file:     results/busco_results/prodigal_output/predicted_genes/predicted.faa
# Option settings: hmmsearch --domtblout results/busco_results/run_bacteria_odb10/hmmer_output/226836at2.out --cpu 1 /workspaces/project_bioinformatic_01/project_s.pne/busco_downloads/lineages/bacteria_odb10/hmms/226836at2.hmm results/busco_results/prodigal_output/predicted_genes/predicted.faa 
# Current dir:     /workspaces/project_bioinformatic_01/project_s.pne
# Date:            Mon Mar 30 07:39:47 2026
# [ok]
