#                                                                                                        --- full sequence --- -------------- this domain -------------   hmm coord   ali coord   env coord
# target name                                    accession   tlen query name           accession   qlen   E-value  score  bias   #  of  c-Evalue  i-Evalue  score  bias  from    to  from    to  from    to  acc description of target
#                            ------------------- ---------- ----- -------------------- ---------- ----- --------- ------ ----- --- --- --------- --------- ------ ----- ----- ----- ----- ----- ----- ----- ---- ---------------------
NODE_1_length_87477_cov_37.319256:15857-17263|-  -            469 430176at2            -            369  1.4e-171  567.5   0.4   1   1  1.1e-173  5.5e-171  565.6   0.4    10   369    43   458    40   458 0.93 NODE_1_length_87477_cov_37.319256_18 # 15857 # 17263 # -1 # ID=1_18;partial=00;start_type=ATG;rbs_motif=AGGAG;rbs_spacer=5-10bp;gc_cont=0.448
NODE_1_length_87477_cov_37.319256:18243-19748|-  -            502 430176at2            -            369   7.1e-18   61.8   1.2   1   1   7.7e-20     4e-17   59.4   1.2    37   334    95   425    80   439 0.78 NODE_1_length_87477_cov_37.319256_20 # 18243 # 19748 # -1 # ID=1_20;partial=00;start_type=TTG;rbs_motif=None;rbs_spacer=None;gc_cont=0.444
NODE_6_length_54752_cov_38.580741:2098-3204|+    -            369 430176at2            -            369    0.0085   12.2   0.1   1   1   2.5e-05     0.013   11.6   0.1    73   114   152   193   137   198 0.89 NODE_6_length_54752_cov_38.580741_4 # 2098 # 3204 # 1 # ID=6_4;partial=00;start_type=ATG;rbs_motif=AGGA;rbs_spacer=5-10bp;gc_cont=0.447
NODE_16_length_39429_cov_33.440054:11611-13152|+ -            514 430176at2            -            369     0.042    9.9   1.4   1   3     0.068        35    0.3   0.1    80   102    25    47    19    54 0.83 NODE_16_length_39429_cov_33.440054_11 # 11611 # 13152 # 1 # ID=16_11;partial=00;start_type=ATG;rbs_motif=AGGA;rbs_spacer=5-10bp;gc_cont=0.441
NODE_16_length_39429_cov_33.440054:11611-13152|+ -            514 430176at2            -            369     0.042    9.9   1.4   2   3      0.09        46   -0.1   0.0   184   219    97   132    73   143 0.73 NODE_16_length_39429_cov_33.440054_11 # 11611 # 13152 # 1 # ID=16_11;partial=00;start_type=ATG;rbs_motif=AGGA;rbs_spacer=5-10bp;gc_cont=0.441
NODE_16_length_39429_cov_33.440054:11611-13152|+ -            514 430176at2            -            369     0.042    9.9   1.4   3   3    0.0012      0.63    6.0   0.0    80   107   345   372   340   382 0.86 NODE_16_length_39429_cov_33.440054_11 # 11611 # 13152 # 1 # ID=16_11;partial=00;start_type=ATG;rbs_motif=AGGA;rbs_spacer=5-10bp;gc_cont=0.441
#
# Program:         hmmsearch
# Version:         3.4 (Aug 2023)
# Pipeline mode:   SEARCH
# Query file:      /workspaces/project_bioinformatic_01/project_s.pne/busco_downloads/lineages/bacteria_odb10/hmms/430176at2.hmm
# Target file:     results/busco_results/prodigal_output/predicted_genes/predicted.faa
# Option settings: hmmsearch --domtblout results/busco_results/run_bacteria_odb10/hmmer_output/430176at2.out --cpu 1 /workspaces/project_bioinformatic_01/project_s.pne/busco_downloads/lineages/bacteria_odb10/hmms/430176at2.hmm results/busco_results/prodigal_output/predicted_genes/predicted.faa 
# Current dir:     /workspaces/project_bioinformatic_01/project_s.pne
# Date:            Mon Mar 30 07:39:47 2026
# [ok]
