#                                                                                                          --- full sequence --- -------------- this domain -------------   hmm coord   ali coord   env coord
# target name                                      accession   tlen query name           accession   qlen   E-value  score  bias   #  of  c-Evalue  i-Evalue  score  bias  from    to  from    to  from    to  acc description of target
#                              ------------------- ---------- ----- -------------------- ---------- ----- --------- ------ ----- --- --- --------- --------- ------ ----- ----- ----- ----- ----- ----- ----- ---- ---------------------
NODE_7_length_131167_cov_38.591845:69648-70940|+   -            431 1567535at2           -            300   9.5e-95  314.4  35.4   1   4   1.2e-34   1.6e-31  106.8   2.0     1   102    12   132    12   143 0.89 NODE_7_length_131167_cov_38.591845_82 # 69648 # 70940 # 1 # ID=7_82;partial=00;start_type=ATG;rbs_motif=GGAG/GAGG;rbs_spacer=5-10bp;gc_cont=0.346
NODE_7_length_131167_cov_38.591845:69648-70940|+   -            431 1567535at2           -            300   9.5e-95  314.4  35.4   2   4   1.6e-18   2.2e-15   53.8   5.8    89   145   143   199   131   206 0.80 NODE_7_length_131167_cov_38.591845_82 # 69648 # 70940 # 1 # ID=7_82;partial=00;start_type=ATG;rbs_motif=GGAG/GAGG;rbs_spacer=5-10bp;gc_cont=0.346
NODE_7_length_131167_cov_38.591845:69648-70940|+   -            431 1567535at2           -            300   9.5e-95  314.4  35.4   3   4   5.2e-17     7e-14   48.9   0.7   143   204   220   290   213   291 0.83 NODE_7_length_131167_cov_38.591845_82 # 69648 # 70940 # 1 # ID=7_82;partial=00;start_type=ATG;rbs_motif=GGAG/GAGG;rbs_spacer=5-10bp;gc_cont=0.346
NODE_7_length_131167_cov_38.591845:69648-70940|+   -            431 1567535at2           -            300   9.5e-95  314.4  35.4   4   4     4e-38   5.4e-35  118.2   6.2   200   299   310   421   301   422 0.90 NODE_7_length_131167_cov_38.591845_82 # 69648 # 70940 # 1 # ID=7_82;partial=00;start_type=ATG;rbs_motif=GGAG/GAGG;rbs_spacer=5-10bp;gc_cont=0.346
NODE_1_length_477897_cov_41.704631:375838-377049|- -            404 1567535at2           -            300   3.8e-46  154.8  34.0   1   3   4.5e-20   6.1e-17   58.9   2.8     3   101    13   120    11   126 0.83 NODE_1_length_477897_cov_41.704631_336 # 375838 # 377049 # -1 # ID=1_336;partial=00;start_type=ATG;rbs_motif=GGAG/GAGG;rbs_spacer=5-10bp;gc_cont=0.290
NODE_1_length_477897_cov_41.704631:375838-377049|- -            404 1567535at2           -            300   3.8e-46  154.8  34.0   2   3   4.4e-16   5.9e-13   45.8  13.5    99   207   136   260   132   265 0.75 NODE_1_length_477897_cov_41.704631_336 # 375838 # 377049 # -1 # ID=1_336;partial=00;start_type=ATG;rbs_motif=GGAG/GAGG;rbs_spacer=5-10bp;gc_cont=0.290
NODE_1_length_477897_cov_41.704631:375838-377049|- -            404 1567535at2           -            300   3.8e-46  154.8  34.0   3   3   3.4e-20   4.5e-17   59.3   2.3   202   298   283   391   279   393 0.84 NODE_1_length_477897_cov_41.704631_336 # 375838 # 377049 # -1 # ID=1_336;partial=00;start_type=ATG;rbs_motif=GGAG/GAGG;rbs_spacer=5-10bp;gc_cont=0.290
#
# Program:         hmmsearch
# Version:         3.4 (Aug 2023)
# Pipeline mode:   SEARCH
# Query file:      /workspaces/project_bioinformatic_01/busco_downloads/lineages/bacteria_odb10/hmms/1567535at2.hmm
# Target file:     /workspaces/project_bioinformatic_01/busco_output/prodigal_output/predicted_genes/predicted.faa
# Option settings: hmmsearch --domtblout /workspaces/project_bioinformatic_01/busco_output/run_bacteria_odb10/hmmer_output/1567535at2.out --cpu 1 /workspaces/project_bioinformatic_01/busco_downloads/lineages/bacteria_odb10/hmms/1567535at2.hmm /workspaces/project_bioinformatic_01/busco_output/prodigal_output/predicted_genes/predicted.faa 
# Current dir:     /workspaces/project_bioinformatic_01
# Date:            Tue Mar 31 14:58:30 2026
# [ok]
