#                                                                                                          --- full sequence --- -------------- this domain -------------   hmm coord   ali coord   env coord
# target name                                      accession   tlen query name           accession   qlen   E-value  score  bias   #  of  c-Evalue  i-Evalue  score  bias  from    to  from    to  from    to  acc description of target
#                              ------------------- ---------- ----- -------------------- ---------- ----- --------- ------ ----- --- --- --------- --------- ------ ----- ----- ----- ----- ----- ----- ----- ---- ---------------------
NODE_6_length_236478_cov_33.405658:169798-171564|- -            589 226836at2            -            473    9e-186  614.9   5.0   1   1  6.5e-188  5.8e-185  612.2   5.0     1   473     4   582     4   582 0.84 NODE_6_length_236478_cov_33.405658_176 # 169798 # 171564 # -1 # ID=6_176;partial=00;start_type=ATG;rbs_motif=GGAG/GAGG;rbs_spacer=5-10bp;gc_cont=0.355
NODE_6_length_236478_cov_33.405658:2420-3712|-     -            431 226836at2            -            473   2.1e-35  119.1   0.0   1   3   7.1e-28   6.4e-25   84.5   0.0    10   230    11   252     2   261 0.82 NODE_6_length_236478_cov_33.405658_4 # 2420 # 3712 # -1 # ID=6_4;partial=00;start_type=ATG;rbs_motif=AGGAG;rbs_spacer=5-10bp;gc_cont=0.354
NODE_6_length_236478_cov_33.405658:2420-3712|-     -            431 226836at2            -            473   2.1e-35  119.1   0.0   2   3      0.17   1.5e+02   -2.4   0.0   224   238   270   284   255   288 0.79 NODE_6_length_236478_cov_33.405658_4 # 2420 # 3712 # -1 # ID=6_4;partial=00;start_type=ATG;rbs_motif=AGGAG;rbs_spacer=5-10bp;gc_cont=0.354
NODE_6_length_236478_cov_33.405658:2420-3712|-     -            431 226836at2            -            473   2.1e-35  119.1   0.0   3   3   6.2e-12   5.6e-09   32.0   0.0   340   450   313   423   302   427 0.84 NODE_6_length_236478_cov_33.405658_4 # 2420 # 3712 # -1 # ID=6_4;partial=00;start_type=ATG;rbs_motif=AGGAG;rbs_spacer=5-10bp;gc_cont=0.354
NODE_14_length_38030_cov_39.319211:35870-37357|+   -            496 226836at2            -            473   3.6e-32  108.5   0.8   1   2   1.6e-20   1.5e-17   60.3   0.4     9   228    55   298    48   374 0.74 NODE_14_length_38030_cov_39.319211_37 # 35870 # 37357 # 1 # ID=14_37;partial=00;start_type=ATG;rbs_motif=AGGAG;rbs_spacer=5-10bp;gc_cont=0.349
NODE_14_length_38030_cov_39.319211:35870-37357|+   -            496 226836at2            -            473   3.6e-32  108.5   0.8   2   2   2.8e-16   2.5e-13   46.3   0.0   401   451   442   492   395   495 0.86 NODE_14_length_38030_cov_39.319211_37 # 35870 # 37357 # 1 # ID=14_37;partial=00;start_type=ATG;rbs_motif=AGGAG;rbs_spacer=5-10bp;gc_cont=0.349
#
# Program:         hmmsearch
# Version:         3.4 (Aug 2023)
# Pipeline mode:   SEARCH
# Query file:      /workspaces/project_bioinformatic_01/busco_downloads/lineages/bacteria_odb10/hmms/226836at2.hmm
# Target file:     /workspaces/project_bioinformatic_01/busco_output/prodigal_output/predicted_genes/predicted.faa
# Option settings: hmmsearch --domtblout /workspaces/project_bioinformatic_01/busco_output/run_bacteria_odb10/hmmer_output/226836at2.out --cpu 1 /workspaces/project_bioinformatic_01/busco_downloads/lineages/bacteria_odb10/hmms/226836at2.hmm /workspaces/project_bioinformatic_01/busco_output/prodigal_output/predicted_genes/predicted.faa 
# Current dir:     /workspaces/project_bioinformatic_01
# Date:            Tue Mar 31 14:58:32 2026
# [ok]
